1 det = 4.443804145149286
2 det = -0.42821412093817757
3 det = 0.09252271865146187
4 det = 0.0010308681306389835
5 det = -0.00022208615218861585
6 det = -2.474341736784319e-06
7 det = -6.121574081645471e-08
8 det = 7.318602830965762e-11
9 det = 1.8006132616345964e-12
10 det = 1.9996460645726344e-14
11 det = 3.5567587591912733e-29
12 det = -4.253593244671951e-32
13 det = 1.5131682849995274e-46
14 det = 8.40527574300045e-49
15 det = 0.0
16 det = 1.0975096372455018e-62
17 det = -1.288566335585749e-77
18 det = 7.823210358570742e-93
19 det = -3.3470062776728564e-95
20 det = -6.187990638731977e-110
21 det = 9.707235712142327e-113
22 det = -1.2767863992701493e-127
23 det = 6.676234022771678e-142
24 det = 2.2711079132736165e-145
25 det = 0.0
26 det = 6.644847002648721e-160
27 det = -1.8189060395969304e-175
28 det = -4.86651067544779e-176
29 det = -5.636823437191088e-191
30 det = -6.040650670363658e-193
31 det = 4.808574833036646e-208
32 det = 3.1040951940255615e-210
33 det = -5.060942423161749e-224
34 det = 4.860711705305617e-229
35 det = 6.3678212817447805e-242
36 det = 0.0
37 det = 3.4078650297497518e-255
38 det = 1.0936125201038723e-269
39 det = -2.238344580699332e-283
40 det = 1.4177417799251598e-286
41 det = 0.0
42 det = 6.521553279203053e-303
43 det = -2.04135e-318
44 det = -0.0
45 det = 0.0
46 det = -0.0
47 det = 0.0
48 det = -0.0
49 det = -0.0
50 det = 0.0
51 det = -0.0
52 det = -0.0
53 det = -0.0
54 det = 0.0
[[1, 2, 4, 3, 2, 1], [1, 2, 4, 3, 1, 2], [1, 2, 4, 2, 3, 1], [1, 2, 4, 1, 2, 3], [1, 2, 3, 2, 4, 1], [1, 2, 3, 1, 2, 4], [1, 2, 2, 4, 3, 1], [1, 2, 1, 2, 4, 3], [1, 4, 2, 3, 2, 1], [1, 4, 2, 3, 1, 2], [1, 4, 2, 2, 3, 1], [1, 4, 2, 1, 2, 3], [1, 4, 3, 2, 2, 1], [1, 4, 3, 2, 1, 2], [1, 4, 1, 2, 3, 2], [1, 4, 1, 2, 2, 3], [1, 3, 2, 4, 2, 1], [1, 3, 2, 4, 1, 2], [1, 3, 2, 2, 4, 1], [1, 3, 2, 1, 2, 4], [1, 3, 1, 2, 4, 2], [1, 3, 1, 2, 2, 4], [1, 1, 2, 4, 3, 2], [1, 1, 2, 3, 2, 4], [1, 1, 2, 2, 4, 3], [2, 1, 4, 3, 2, 1], [2, 1, 4, 3, 1, 2], [2, 1, 4, 2, 3, 1], [2, 1, 4, 1, 2, 3], [2, 1, 3, 2, 4, 1], [2, 1, 3, 1, 2, 4], [2, 1, 2, 4, 3, 1], [2, 1, 1, 2, 4, 3], [2, 4, 2, 1, 3, 1], [2, 3, 2, 1, 4, 1], [2, 2, 1, 4, 3, 1], [4, 2, 1, 3, 2, 1], [4, 2, 1, 2, 3, 1], [4, 2, 1, 1, 2, 3]]
