1 det = 4.993293705227861
2 det = -0.8965249176586529
3 det = 0.42059193667936756
4 det = 0.021378899130850042
5 det = -0.00989164448910795
6 det = -0.0005023088632861585
7 det = -6.331828128187845e-05
8 det = 7.272272125120635e-07
9 det = 8.941303605244035e-08
10 det = 4.463830340566046e-09
11 det = 7.973407530693986e-24
12 det = -9.186816743176198e-26
13 det = 6.563890489957022e-40
14 det = 2.4513669896249403e-41
15 det = 2.919129465702477e-56
16 det = -1.763041301110052e-70
17 det = 1.296725009725118e-84
18 det = -2.3938017647239814e-98
19 det = -2.484295011341954e-103
20 det = -4.577447860820251e-115
21 det = 1.9750358776211974e-117
22 det = 1.1674732877391014e-130
23 det = 0.0
24 det = -1.7393126832392293e-134
25 det = 6.665689963892922e-148
26 det = -6.001083553577577e-162
27 det = -3.8371314737525094e-176
28 det = -6.588450008223467e-177
29 det = -3.5463212253802444e-191
30 det = 1.2107827516482025e-193
31 det = -2.628404943898205e-208
32 det = -1.4322335064512066e-209
33 det = -4.868396165656457e-224
34 det = 3.891158795628877e-226
35 det = -1.7552885209460894e-240
36 det = 1.3635672543105195e-254
37 det = 3.4617965678005707e-268
38 det = -1.939299758660776e-282
39 det = 1.3252930180761732e-295
40 det = 7.673090080588408e-298
41 det = 1.56910273211e-312
42 det = 0.0
43 det = -0.0
44 det = 0.0
45 det = 0.0
46 det = -0.0
47 det = -0.0
48 det = 0.0
49 det = 0.0
50 det = -0.0
51 det = 0.0
52 det = 0.0
53 det = -1e-323
54 det = 0.0
[[1, 2, 4, 3, 2, 1], [1, 2, 4, 3, 1, 2], [1, 2, 4, 2, 3, 1], [1, 2, 4, 1, 2, 3], [1, 2, 3, 2, 4, 1], [1, 2, 3, 1, 2, 4], [1, 2, 2, 4, 3, 1], [1, 2, 1, 2, 4, 3], [1, 4, 2, 3, 2, 1], [1, 4, 2, 3, 1, 2], [1, 4, 2, 2, 3, 1], [1, 4, 2, 1, 2, 3], [1, 4, 3, 2, 2, 1], [1, 4, 3, 2, 1, 2], [1, 4, 3, 1, 2, 2], [1, 4, 1, 2, 3, 2], [1, 4, 1, 2, 2, 3], [1, 3, 2, 4, 2, 1], [1, 3, 2, 4, 1, 2], [1, 3, 2, 2, 4, 1], [1, 3, 2, 1, 2, 4], [1, 3, 1, 2, 4, 2], [1, 1, 2, 4, 3, 2], [1, 1, 2, 4, 2, 3], [1, 1, 2, 3, 2, 4], [1, 1, 2, 2, 4, 3], [2, 1, 4, 3, 2, 1], [2, 1, 4, 3, 1, 2], [2, 1, 4, 2, 3, 1], [2, 1, 4, 1, 2, 3], [2, 1, 3, 2, 4, 1], [2, 1, 3, 1, 2, 4], [2, 1, 2, 4, 3, 1], [2, 1, 1, 2, 4, 3], [2, 4, 3, 2, 1, 1], [2, 4, 2, 1, 3, 1], [2, 3, 2, 1, 4, 1], [2, 2, 1, 4, 3, 1], [4, 2, 1, 3, 2, 1], [4, 2, 1, 3, 1, 2], [3, 2, 4, 2, 1, 1]]
