1 det = 4.081628456899378
2 det = -0.08119092116764794
3 det = 0.0032970091444469766
4 det = 1.345826993144128e-06
5 det = -5.464584617523223e-08
6 det = -2.2306232234879002e-11
7 det = -1.8582192625253875e-14
8 det = 1.5397722280661514e-19
9 det = 1.282444535331623e-22
10 det = 5.2343406672323e-26
11 det = -3.7194105741408186e-40
12 det = 3.082013617270655e-45
13 det = -1.6425097408972309e-59
14 det = -1.117331255889348e-62
15 det = -2.3818551077631848e-77
16 det = 5.644001628825482e-92
17 det = -1.2725211060687803e-105
18 det = -6.161664467739981e-120
19 det = 6.338318159854683e-127
20 det = 2.4237840343730052e-139
21 det = -3.8403559191179035e-145
22 det = -6.394242208853344e-159
23 det = 2.2284620848008384e-174
24 det = 4.038074376941165e-180
25 det = -7.724873289846294e-195
26 det = -5.038399543488909e-210
27 det = -2.2064435407081586e-223
28 det = 1.1805002527464319e-226
29 det = 0.0
30 det = -6.427643738205544e-233
31 det = -4.823973347665086e-247
32 det = -5.4846683550912695e-251
33 det = -5.057449343044655e-266
34 det = 2.0349435054207716e-274
35 det = -1.0885534440237283e-286
36 det = -6.07492937922345e-301
37 det = 1.56172463e-314
38 det = -0.0
39 det = -0.0
40 det = -2.633e-321
41 det = -0.0
42 det = 0.0
43 det = 0.0
44 det = 0.0
45 det = -0.0
46 det = -0.0
47 det = 0.0
48 det = -0.0
49 det = 0.0
50 det = 0.0
51 det = -0.0
52 det = -0.0
53 det = -0.0
54 det = -0.0
[[1, 2, 4, 3, 2, 1], [1, 2, 4, 3, 1, 2], [1, 2, 4, 2, 3, 1], [1, 2, 4, 1, 2, 3], [1, 2, 3, 2, 4, 1], [1, 2, 3, 1, 2, 4], [1, 2, 2, 4, 3, 1], [1, 2, 1, 2, 4, 3], [1, 4, 2, 3, 2, 1], [1, 4, 2, 3, 1, 2], [1, 4, 2, 2, 3, 1], [1, 4, 2, 1, 2, 3], [1, 4, 3, 2, 2, 1], [1, 4, 3, 2, 1, 2], [1, 4, 3, 1, 2, 2], [1, 4, 1, 2, 3, 2], [1, 4, 1, 2, 2, 3], [1, 3, 2, 4, 2, 1], [1, 3, 2, 4, 1, 2], [1, 3, 2, 2, 4, 1], [1, 3, 2, 1, 2, 4], [1, 3, 1, 2, 4, 2], [1, 3, 1, 2, 2, 4], [1, 1, 2, 4, 3, 2], [1, 1, 2, 4, 2, 3], [1, 1, 2, 3, 2, 4], [1, 1, 2, 2, 4, 3], [2, 1, 4, 3, 2, 1], [2, 1, 4, 2, 3, 1], [2, 1, 4, 1, 2, 3], [2, 1, 3, 2, 4, 1], [2, 1, 3, 1, 2, 4], [2, 1, 2, 4, 3, 1], [2, 1, 1, 2, 4, 3], [2, 4, 3, 2, 1, 1], [2, 4, 2, 1, 3, 1], [4, 2, 1, 3, 2, 1]]
