1 det = 4.2551941769413
2 det = -0.2504897857590214
3 det = 0.0314676295852014
4 det = 0.0001206167898473035
5 det = -1.5137466638091458e-05
6 det = -5.8022325892632254e-08
7 det = -4.731232442615227e-10
8 det = 1.1366439776176407e-13
9 det = 9.250648333440281e-16
10 det = 3.542082338958803e-18
11 det = 0.0
12 det = -8.51012034555082e-22
13 det = 4.5372070578022796e-36
14 det = 5.139567726041392e-50
15 det = 2.0582123109671516e-53
16 det = -1.0634460840897863e-67
17 det = 0.0
18 det = 0.0
19 det = -5.581050813891877e-72
20 det = -9.701791844741367e-86
21 det = 1.5705531246603014e-89
22 det = -2.681170224416656e-103
23 det = 0.0
24 det = -1.9662348018672304e-108
25 det = 2.257236004739207e-123
26 det = -6.86668932357005e-138
27 det = 0.0
28 det = -1.0129696485690889e-148
29 det = 2.205063255508062e-153
30 det = -1.088175595222962e-157
31 det = -6.7470515858596065e-171
32 det = -3.02602859416198e-175
33 det = 0.0
34 det = -5.517928538604026e-181
35 det = 1.0757658976346841e-194
36 det = 2.658533977094776e-209
37 det = 8.552334283064778e-223
38 det = 1.5495902806957239e-236
39 det = 1.3039289513408517e-249
40 det = -9.879836256622306e-255
41 det = 4.996637746640525e-268
42 det = -2.5987612881824e-282
43 det = 2.4510803032509132e-297
44 det = -4.4291173726183e-311
45 det = -0.0
46 det = -0.0
47 det = -0.0
48 det = -0.0
49 det = -0.0
50 det = 0.0
51 det = 0.0
52 det = -0.0
53 det = 0.0
54 det = 3e-323
[[1, 2, 4, 3, 2, 1], [1, 2, 4, 3, 1, 2], [1, 2, 4, 2, 3, 1], [1, 2, 4, 1, 2, 3], [1, 2, 3, 2, 4, 1], [1, 2, 3, 1, 2, 4], [1, 2, 2, 4, 3, 1], [1, 2, 1, 2, 4, 3], [1, 4, 2, 3, 2, 1], [1, 4, 2, 3, 1, 2], [1, 4, 2, 1, 2, 3], [1, 4, 3, 2, 2, 1], [1, 4, 3, 2, 1, 2], [1, 4, 3, 1, 2, 2], [1, 4, 1, 2, 3, 2], [1, 3, 2, 4, 1, 2], [1, 3, 2, 2, 4, 1], [1, 3, 2, 1, 2, 4], [1, 3, 1, 2, 4, 2], [1, 1, 2, 4, 3, 2], [1, 1, 2, 4, 2, 3], [1, 1, 2, 3, 2, 4], [2, 1, 4, 3, 2, 1], [2, 1, 4, 3, 1, 2], [2, 1, 4, 2, 3, 1], [2, 1, 4, 1, 2, 3], [2, 1, 3, 2, 4, 1], [2, 1, 2, 4, 3, 1], [2, 1, 1, 2, 4, 3], [2, 4, 3, 2, 1, 1], [2, 4, 2, 1, 3, 1], [2, 3, 2, 1, 4, 1], [2, 2, 1, 4, 3, 1], [4, 2, 1, 3, 2, 1], [4, 2, 1, 3, 1, 2], [4, 2, 1, 2, 3, 1], [4, 2, 1, 1, 2, 3], [4, 2, 3, 2, 1, 1], [3, 2, 2, 1, 4, 1]]
