1 det = 3.7736788661831975
2 det = 0.22905974301697024
3 det = 0.026297932603890177
4 det = 8.936160558180458e-05
5 det = 1.02509916479826e-05
6 det = 3.4833259951228784e-08
7 det = 2.2335701517283417e-10
8 det = 4.350287347482933e-14
9 det = 2.7847492806280376e-16
10 det = 9.455335436325917e-19
11 det = 8.401693925491744e-34
12 det = 1.6363065981438489e-37
13 det = -4.361901478436035e-52
14 det = -1.7278584327549968e-54
15 det = -1.2282536391533833e-68
16 det = 0.0
17 det = -3.947351522131029e-83
18 det = 5.859612333085901e-99
19 det = 0.0
20 det = -8.944556014883915e-114
21 det = 2.255931021885985e-118
22 det = -2.909519656157101e-132
23 det = 2.3357687559613975e-146
24 det = -2.615725295666228e-150
25 det = -5.423877203128574e-165
26 det = 5.2122793013500885e-180
27 det = 2.634509318180719e-194
28 det = 8.685401422166513e-198
29 det = -1.257134893742494e-212
30 det = -6.367483184335642e-216
31 det = 7.360813726495628e-230
32 det = 2.470256199696387e-233
33 det = 3.8932167157822023e-247
34 det = -1.8555708282164585e-252
35 det = 3.7395561644383937e-267
36 det = 2.43937753260035e-282
37 det = -1.1997690015702273e-294
38 det = 2.216162496150973e-308
39 det = 9.4e-323
40 det = 0.0
41 det = -0.0
42 det = -0.0
43 det = 0.0
44 det = -0.0
45 det = -0.0
46 det = 0.0
47 det = -0.0
48 det = 0.0
49 det = 0.0
50 det = -0.0
51 det = -0.0
52 det = -0.0
53 det = -0.0
54 det = -0.0
[[1, 2, 4, 3, 2, 1], [1, 2, 4, 3, 1, 2], [1, 2, 4, 2, 3, 1], [1, 2, 4, 1, 2, 3], [1, 2, 3, 2, 4, 1], [1, 2, 3, 1, 2, 4], [1, 2, 2, 4, 3, 1], [1, 2, 1, 2, 4, 3], [1, 4, 2, 3, 2, 1], [1, 4, 2, 3, 1, 2], [1, 4, 2, 2, 3, 1], [1, 4, 2, 1, 2, 3], [1, 4, 3, 2, 2, 1], [1, 4, 3, 2, 1, 2], [1, 4, 3, 1, 2, 2], [1, 4, 1, 2, 2, 3], [1, 3, 2, 4, 2, 1], [1, 3, 2, 2, 4, 1], [1, 3, 2, 1, 2, 4], [1, 3, 1, 2, 4, 2], [1, 3, 1, 2, 2, 4], [1, 1, 2, 4, 3, 2], [1, 1, 2, 4, 2, 3], [1, 1, 2, 3, 2, 4], [1, 1, 2, 2, 4, 3], [2, 1, 4, 3, 2, 1], [2, 1, 4, 3, 1, 2], [2, 1, 4, 2, 3, 1], [2, 1, 4, 1, 2, 3], [2, 1, 3, 2, 4, 1], [2, 1, 3, 1, 2, 4], [2, 1, 2, 4, 3, 1], [2, 1, 1, 2, 4, 3], [2, 4, 3, 2, 1, 1], [2, 4, 2, 1, 3, 1], [2, 3, 2, 1, 4, 1], [2, 2, 1, 4, 3, 1]]
