1 det = 3.6367614317079817
2 det = 0.3695460194744633
3 det = 0.06871377232858467
4 det = 0.0006254666700340582
5 det = 0.00011604861492008627
6 det = 1.0563137539706046e-06
7 det = 1.7490964905452845e-08
8 det = 1.4747051705438084e-11
9 det = 2.4308219190713945e-13
10 det = 2.2082778340276998e-15
11 det = -1.1782077906472084e-29
12 det = -9.931760886984093e-33
13 det = 4.415838544543803e-47
14 det = 3.2099607072320778e-49
15 det = 0.0
16 det = 4.2765267423614826e-64
17 det = 4.476260256488693e-79
18 det = 0.0
19 det = -1.6031588092831836e-81
20 det = 5.092985566367575e-97
21 det = 1.824007638282131e-99
22 det = 1.8135542030545553e-114
23 det = 5.968220859293968e-128
24 det = -7.797905523238027e-133
25 det = 2.519473257469925e-147
26 det = 0.0
27 det = 2.967828255100963e-161
28 det = 1.5421129193660084e-162
29 det = -8.23110306923239e-178
30 det = 6.258331512420651e-182
31 det = 3.1452411689991766e-194
32 det = 1.1694521599765238e-197
33 det = 1.6341968457965771e-211
34 det = 7.288124009619447e-216
35 det = 0.0
36 det = 1.7694473444086138e-230
37 det = 7.1451435600400045e-245
38 det = -5.31262253485319e-259
39 det = 4.791108398084064e-273
40 det = -1.1740073134466587e-275
41 det = 6.863499066422256e-291
42 det = 2.4533267279777454e-305
43 det = -3.0257e-320
44 det = 0.0
45 det = -0.0
46 det = -0.0
47 det = 0.0
48 det = 0.0
49 det = -0.0
50 det = 0.0
51 det = -0.0
52 det = 0.0
53 det = 0.0
54 det = 0.0
[[1, 2, 4, 3, 2, 1], [1, 2, 4, 3, 1, 2], [1, 2, 4, 2, 3, 1], [1, 2, 4, 1, 2, 3], [1, 2, 3, 2, 4, 1], [1, 2, 3, 1, 2, 4], [1, 2, 2, 4, 3, 1], [1, 2, 1, 2, 4, 3], [1, 4, 2, 3, 2, 1], [1, 4, 2, 3, 1, 2], [1, 4, 2, 2, 3, 1], [1, 4, 2, 1, 2, 3], [1, 4, 3, 2, 2, 1], [1, 4, 3, 2, 1, 2], [1, 4, 1, 2, 3, 2], [1, 4, 1, 2, 2, 3], [1, 3, 2, 4, 1, 2], [1, 3, 2, 2, 4, 1], [1, 3, 2, 1, 2, 4], [1, 3, 1, 2, 4, 2], [1, 3, 1, 2, 2, 4], [1, 1, 2, 4, 3, 2], [1, 1, 2, 4, 2, 3], [1, 1, 2, 2, 4, 3], [2, 1, 4, 3, 2, 1], [2, 1, 4, 3, 1, 2], [2, 1, 4, 2, 3, 1], [2, 1, 4, 1, 2, 3], [2, 1, 3, 2, 4, 1], [2, 1, 3, 1, 2, 4], [2, 1, 2, 4, 3, 1], [2, 4, 3, 2, 1, 1], [2, 4, 2, 1, 3, 1], [2, 3, 2, 1, 4, 1], [2, 2, 1, 4, 3, 1], [4, 2, 1, 3, 2, 1], [4, 2, 1, 3, 1, 2], [4, 2, 1, 2, 3, 1], [4, 2, 1, 1, 2, 3]]
