1 det = 3.391785197598317
2 det = 0.6220033128645212
3 det = 0.19695113736186545
4 det = 0.005423991827377008
5 det = 0.0017066907599674445
6 det = 4.699555619216167e-05
7 det = 2.1993476983238544e-06
8 det = 9.498475684284542e-09
9 det = 4.384697985519978e-10
10 det = 1.2009917956843526e-11
11 det = -2.1413168063480208e-26
12 det = -9.238736147259301e-29
13 det = 4.118067469862191e-43
14 det = 1.3551378437645262e-44
15 det = -1.006730246546985e-58
16 det = 0.0
17 det = 0.0
18 det = -4.163414244903564e-74
19 det = -2.8180422928841324e-76
20 det = -5.770725118467492e-91
21 det = -5.092385961270018e-94
22 det = 0.0
23 det = -4.414079858184783e-108
24 det = -1.803147246301934e-111
25 det = 0.0
26 det = 3.50638086592685e-126
27 det = 2.111513513220876e-140
28 det = -1.0517555632849312e-141
29 det = -5.106477568470474e-157
30 det = -1.5824817963258158e-158
31 det = 2.3353926216804867e-173
32 det = -5.176077170008569e-176
33 det = -2.963452288544366e-190
34 det = -7.01995013149638e-192
35 det = 0.0
36 det = -8.441045885982154e-207
37 det = -7.195163748256238e-221
38 det = -2.7875371430525317e-235
39 det = -1.2767640131131145e-249
40 det = 1.836387708038207e-250
41 det = 8.908933451750302e-265
42 det = -3.8661618054466805e-279
43 det = -4.622684070878332e-294
44 det = -3.415813187879195e-309
45 det = 1e-322
46 det = 0.0
47 det = -0.0
48 det = 0.0
49 det = 0.0
50 det = -0.0
51 det = 0.0
52 det = 0.0
53 det = -0.0
54 det = -0.0
[[1, 2, 4, 3, 2, 1], [1, 2, 4, 3, 1, 2], [1, 2, 4, 2, 3, 1], [1, 2, 4, 1, 2, 3], [1, 2, 3, 2, 4, 1], [1, 2, 3, 1, 2, 4], [1, 2, 2, 4, 3, 1], [1, 2, 1, 2, 4, 3], [1, 4, 2, 3, 2, 1], [1, 4, 2, 3, 1, 2], [1, 4, 2, 2, 3, 1], [1, 4, 2, 1, 2, 3], [1, 4, 3, 2, 2, 1], [1, 4, 3, 2, 1, 2], [1, 4, 3, 1, 2, 2], [1, 3, 2, 4, 2, 1], [1, 3, 2, 4, 1, 2], [1, 3, 2, 2, 4, 1], [1, 3, 2, 1, 2, 4], [1, 3, 1, 2, 2, 4], [1, 1, 2, 4, 3, 2], [1, 1, 2, 3, 2, 4], [1, 1, 2, 2, 4, 3], [2, 1, 4, 3, 2, 1], [2, 1, 4, 3, 1, 2], [2, 1, 4, 2, 3, 1], [2, 1, 4, 1, 2, 3], [2, 1, 3, 2, 4, 1], [2, 1, 3, 1, 2, 4], [2, 1, 2, 4, 3, 1], [2, 4, 3, 2, 1, 1], [2, 4, 2, 1, 3, 1], [2, 3, 2, 1, 4, 1], [2, 2, 1, 4, 3, 1], [4, 2, 1, 3, 2, 1], [4, 2, 1, 3, 1, 2], [4, 2, 1, 2, 3, 1], [4, 2, 1, 1, 2, 3], [4, 2, 3, 2, 1, 1], [4, 2, 2, 1, 3, 1]]
