1 det = 4.873425462101246
2 det = -0.8016427357456059
3 det = 0.33281581034819424
4 det = 0.01331285685459943
5 det = -0.005467520568634476
6 det = -0.0002185781083504705
7 det = -2.1206600599594303e-05
8 det = 1.7116185667306486e-07
9 det = 1.6282096970945394e-08
10 det = 6.424848237075809e-10
11 det = 3.4390849324970484e-24
12 det = -2.7818813928607596e-26
13 det = 2.481803468124074e-40
14 det = 9.7751521115863e-42
15 det = -8.720719177409547e-57
16 det = -1.735004225392423e-70
17 det = 0.0
18 det = -2.7517737697881445e-85
19 det = 2.62671456889739e-87
20 det = 3.095514948416005e-102
21 det = 3.5688331336830934e-105
22 det = 6.171404494181724e-119
23 det = -3.0394528391728117e-133
24 det = 8.1357329627365415e-137
25 det = -5.747687644318996e-149
26 det = 0.0
27 det = -9.543802027891712e-164
28 det = -4.039653099332916e-165
29 det = 4.579978256850382e-179
30 det = -1.0813181331744161e-181
31 det = 2.5418339738777752e-195
32 det = -9.96908512112021e-198
33 det = 2.4966564160847e-212
34 det = 1.9797438046096963e-213
35 det = 6.467969403562595e-228
36 det = -2.3542840661872855e-243
37 det = 6.726818360398814e-256
38 det = -6.558079484701717e-271
39 det = 6.837061757313892e-283
40 det = 2.0920523251325437e-286
41 det = 4.9508944054999505e-300
42 det = 2.4695247787e-314
43 det = 0.0
44 det = 0.0
45 det = 0.0
46 det = 0.0
47 det = -0.0
48 det = -0.0
49 det = 0.0
50 det = -0.0
51 det = -0.0
52 det = -0.0
53 det = 0.0
54 det = 0.0
[[1, 2, 4, 3, 2, 1], [1, 2, 4, 3, 1, 2], [1, 2, 4, 2, 3, 1], [1, 2, 4, 1, 2, 3], [1, 2, 3, 2, 4, 1], [1, 2, 3, 1, 2, 4], [1, 2, 2, 4, 3, 1], [1, 2, 1, 2, 4, 3], [1, 4, 2, 3, 2, 1], [1, 4, 2, 3, 1, 2], [1, 4, 2, 2, 3, 1], [1, 4, 2, 1, 2, 3], [1, 4, 3, 2, 2, 1], [1, 4, 3, 2, 1, 2], [1, 4, 3, 1, 2, 2], [1, 4, 1, 2, 3, 2], [1, 3, 2, 4, 2, 1], [1, 3, 2, 4, 1, 2], [1, 3, 2, 2, 4, 1], [1, 3, 2, 1, 2, 4], [1, 3, 1, 2, 4, 2], [1, 3, 1, 2, 2, 4], [1, 1, 2, 4, 3, 2], [1, 1, 2, 4, 2, 3], [1, 1, 2, 2, 4, 3], [2, 1, 4, 3, 2, 1], [2, 1, 4, 3, 1, 2], [2, 1, 4, 2, 3, 1], [2, 1, 4, 1, 2, 3], [2, 1, 3, 2, 4, 1], [2, 1, 3, 1, 2, 4], [2, 1, 2, 4, 3, 1], [2, 1, 1, 2, 4, 3], [2, 4, 3, 2, 1, 1], [2, 4, 2, 1, 3, 1], [2, 3, 2, 1, 4, 1], [2, 2, 1, 4, 3, 1], [4, 2, 1, 3, 2, 1], [4, 2, 1, 3, 1, 2], [4, 2, 1, 2, 3, 1]]
