1 det = 1.000002000001
2 det = 2.0000009999970003
3 det = 3.9999979999920012
4 det = 11.999948000088002
5 det = 17.999916000140004
6 det = 47.999612001396
7 det = 15999876.000392022
8 det = 7999920000343.992
9 det = 7999912000415.989
10 det = 19999712001895.973
11 det = 11368.531432713171
12 det = 4547405297.221316
13 det = 3.101883870358473
14 det = 1550940.3842357462
15 det = -184.8866862268603
16 det = 3.587273846435911e-08
17 det = -5.670937914017354e-12
18 det = -5.5857663879517725e-27
19 det = -2.4241731443408024e-27
20 det = -2.1876170088862158e-37
21 det = -2.4353546333582027e-32
22 det = 0.0
23 det = -1.7105785121142843e-35
24 det = -4.3977896971488305e-29
25 det = -5.830482510226631e-38
26 det = 1.3087960478334145e-47
27 det = -2.7358268998489457e-52
28 det = -3.741624313294007e-53
29 det = 2.193620762790715e-60
30 det = -5.477187668791791e-60
31 det = 7.537061581878012e-69
32 det = -2.7529320326850023e-69
33 det = 4.393366240944606e-78
34 det = 3.767908760172184e-72
35 det = -1.3081164626939314e-83
36 det = 2.2909030102697317e-93
37 det = 3.2365470889816166e-102
38 det = -2.5290553091052573e-110
39 det = 1.1023056495876663e-111
40 det = -2.309837300324667e-111
41 det = -6.198871633964781e-120
42 det = -8.050999256408189e-130
43 det = -8.354357324043278e-139
44 det = -9.594955307509105e-148
45 det = 6.04454942089268e-149
46 det = -1.256381290928239e-154
47 det = 6.371292649967924e-165
48 det = -1.9544052064360712e-169
49 det = 0.0
50 det = 6.555744419819725e-176
51 det = 3.0316011536536627e-184
52 det = -2.7577827206120025e-195
53 det = -9.47022011357574e-206
54 det = -2.1658165592086614e-206
[[1, 2, 4, 3, 2, 1], [1, 2, 4, 3, 1, 2], [1, 2, 4, 2, 3, 1], [1, 2, 4, 1, 2, 3], [1, 2, 3, 2, 4, 1], [1, 2, 3, 1, 2, 4], [1, 2, 2, 4, 3, 1], [1, 2, 1, 2, 4, 3], [1, 4, 2, 3, 2, 1], [1, 4, 2, 3, 1, 2], [1, 4, 2, 2, 3, 1], [1, 4, 2, 1, 2, 3], [1, 4, 3, 2, 2, 1], [1, 4, 3, 2, 1, 2], [1, 4, 3, 1, 2, 2], [1, 4, 1, 2, 3, 2], [1, 4, 1, 2, 2, 3], [1, 3, 2, 4, 2, 1], [1, 3, 2, 4, 1, 2], [1, 3, 2, 2, 4, 1], [1, 3, 2, 1, 2, 4], [1, 3, 1, 2, 2, 4], [1, 1, 2, 4, 3, 2], [1, 1, 2, 4, 2, 3], [1, 1, 2, 3, 2, 4], [1, 1, 2, 2, 4, 3], [2, 1, 4, 3, 2, 1], [2, 1, 4, 3, 1, 2], [2, 1, 4, 2, 3, 1], [2, 1, 4, 1, 2, 3], [2, 1, 3, 2, 4, 1], [2, 1, 3, 1, 2, 4], [2, 1, 2, 4, 3, 1], [2, 1, 1, 2, 4, 3], [2, 4, 3, 2, 1, 1], [2, 4, 2, 1, 3, 1], [2, 3, 2, 1, 4, 1], [2, 2, 1, 4, 3, 1], [4, 2, 1, 3, 2, 1], [4, 2, 1, 3, 1, 2], [4, 2, 1, 2, 3, 1], [4, 2, 1, 1, 2, 3], [4, 2, 3, 2, 1, 1], [4, 2, 2, 1, 3, 1], [4, 3, 2, 1, 2, 1], [4, 3, 2, 1, 1, 2], [4, 3, 2, 2, 1, 1], [3, 2, 1, 4, 1, 2], [3, 2, 1, 2, 4, 1], [3, 2, 1, 1, 2, 4], [3, 2, 4, 2, 1, 1], [3, 2, 2, 1, 4, 1]]
