1 det = 4.8841
2 det = -0.8102721899999986
3 det = 0.3403143198000015
4 det = 0.013924839599999886
5 det = -0.005783953662232196
6 det = -0.00023652175690223954
7 det = -2.352100270477819e-05
8 det = 1.9630679406229181e-07
9 det = 1.9132256456115663e-08
10 det = 7.719770684474034e-10
11 det = -1.3775399578750303e-24
12 det = 1.1523306204118638e-26
13 det = 2.4675056384727888e-40
14 det = 4.968710062631681e-42
15 det = -7.388601002676219e-56
16 det = 4.45012476197073e-71
17 det = 0.0
18 det = 1.9808059662109447e-85
19 det = -1.3652071988614457e-87
20 det = -1.4603571926046855e-102
21 det = 1.3929983423141946e-104
22 det = 0.0
23 det = 5.870194308552016e-120
24 det = -4.125897986095156e-120
25 det = 2.714103693871013e-135
26 det = -1.6082959117318467e-150
27 det = 9.123101942984528e-166
28 det = 1.7047400516576673e-166
29 det = -1.919719249945029e-179
30 det = -2.4074063966150864e-182
31 det = -4.1586841229773666e-196
32 det = -6.509577435423377e-198
33 det = -3.423345953068723e-211
34 det = -2.13231888578152e-215
35 det = 8.53724776294424e-229
36 det = 3.900182079992962e-244
37 det = 3.380131569297652e-257
38 det = 1.7750235886010926e-269
39 det = -1.3434034955396482e-283
40 det = 1.6525730197186428e-287
41 det = -3.718649289133776e-300
42 det = -4.255659055e-315
43 det = 0.0
44 det = 0.0
45 det = -0.0
46 det = 0.0
47 det = 0.0
48 det = 0.0
49 det = 0.0
50 det = -0.0
51 det = -0.0
52 det = 0.0
53 det = 0.0
54 det = -0.0
[[1, 2, 4, 3, 2, 1], [1, 2, 4, 3, 1, 2], [1, 2, 4, 2, 3, 1], [1, 2, 4, 1, 2, 3], [1, 2, 3, 2, 4, 1], [1, 2, 3, 1, 2, 4], [1, 2, 2, 4, 3, 1], [1, 2, 1, 2, 4, 3], [1, 4, 2, 3, 2, 1], [1, 4, 2, 3, 1, 2], [1, 4, 2, 2, 3, 1], [1, 4, 2, 1, 2, 3], [1, 4, 3, 2, 2, 1], [1, 4, 3, 2, 1, 2], [1, 4, 3, 1, 2, 2], [1, 4, 1, 2, 3, 2], [1, 3, 2, 4, 2, 1], [1, 3, 2, 4, 1, 2], [1, 3, 2, 2, 4, 1], [1, 3, 2, 1, 2, 4], [1, 3, 1, 2, 2, 4], [1, 1, 2, 4, 3, 2], [1, 1, 2, 4, 2, 3], [1, 1, 2, 3, 2, 4], [1, 1, 2, 2, 4, 3], [2, 1, 4, 3, 2, 1], [2, 1, 4, 3, 1, 2], [2, 1, 4, 2, 3, 1], [2, 1, 4, 1, 2, 3], [2, 1, 3, 2, 4, 1], [2, 1, 3, 1, 2, 4], [2, 1, 2, 4, 3, 1], [2, 1, 1, 2, 4, 3], [2, 4, 3, 2, 1, 1], [2, 4, 2, 1, 3, 1], [2, 3, 2, 1, 4, 1], [2, 2, 1, 4, 3, 1], [4, 2, 1, 3, 2, 1], [4, 2, 1, 3, 1, 2], [4, 2, 1, 2, 3, 1]]
