1 det = 3.921572443296658
2 det = 0.07879300318657624
3 det = 0.003105066883737219
4 det = 1.2177578721024117e-06
5 det = 4.7984623984764685e-08
6 det = 1.8818806043802365e-11
7 det = 1.447151371977689e-14
8 det = 1.1180866004768167e-19
9 det = 8.596312275069066e-23
10 det = 3.371016117707419e-26
11 det = 1.19768479539327e-40
12 det = 9.253439451202049e-46
13 det = 0.0
14 det = 3.628713498419395e-49
15 det = 1.2086642146123112e-63
16 det = 3.5783649077166467e-78
17 det = 4.0683312975404855e-93
18 det = 3.5569145136816665e-108
19 det = 1.5378643762766096e-113
20 det = 0.0
21 det = -6.232443233089532e-119
22 det = -2.4060707809558163e-133
23 det = -3.437258062298314e-147
24 det = -1.4580200740952457e-154
25 det = -3.039936652408085e-169
26 det = -8.186487097121324e-184
27 det = -2.265924101401483e-198
28 det = 6.510827719930727e-202
29 det = -2.028093499910517e-216
30 det = 1.1673911939241405e-222
31 det = 1.773662324362592e-236
32 det = 1.7285385048800336e-241
33 det = 3.2721966325044106e-257
34 det = -4.133825194646452e-263
35 det = 5.684383221803103e-279
36 det = -2.0890327590606547e-291
37 det = 1.9659765330582693e-305
38 det = -3.19596e-319
39 det = -0.0
40 det = -0.0
41 det = 0.0
42 det = 0.0
43 det = -0.0
44 det = -0.0
45 det = -0.0
46 det = 0.0
47 det = -0.0
48 det = -0.0
49 det = 0.0
50 det = -0.0
51 det = 0.0
52 det = 0.0
53 det = -0.0
54 det = 0.0
[[1, 2, 4, 3, 2, 1], [1, 2, 4, 3, 1, 2], [1, 2, 4, 2, 3, 1], [1, 2, 4, 1, 2, 3], [1, 2, 3, 2, 4, 1], [1, 2, 3, 1, 2, 4], [1, 2, 2, 4, 3, 1], [1, 2, 1, 2, 4, 3], [1, 4, 2, 3, 2, 1], [1, 4, 2, 3, 1, 2], [1, 4, 2, 2, 3, 1], [1, 4, 2, 1, 2, 3], [1, 4, 3, 2, 1, 2], [1, 4, 3, 1, 2, 2], [1, 4, 1, 2, 3, 2], [1, 4, 1, 2, 2, 3], [1, 3, 2, 4, 2, 1], [1, 3, 2, 4, 1, 2], [1, 3, 2, 1, 2, 4], [1, 3, 1, 2, 4, 2], [1, 3, 1, 2, 2, 4], [1, 1, 2, 4, 3, 2], [1, 1, 2, 4, 2, 3], [1, 1, 2, 3, 2, 4], [1, 1, 2, 2, 4, 3], [2, 1, 4, 3, 2, 1], [2, 1, 4, 3, 1, 2], [2, 1, 4, 2, 3, 1], [2, 1, 4, 1, 2, 3], [2, 1, 3, 2, 4, 1], [2, 1, 3, 1, 2, 4], [2, 1, 2, 4, 3, 1], [2, 1, 1, 2, 4, 3], [2, 4, 3, 2, 1, 1], [2, 4, 2, 1, 3, 1], [2, 3, 2, 1, 4, 1]]
