1 det = 3.509772668593949
2 det = 0.500419972879163
3 det = 0.12666757633014378
4 det = 0.002182434468516973
5 det = 0.000550211217998995
6 det = 9.479393504518916e-06
7 det = 2.869134150479949e-07
8 det = 6.21604352340627e-10
9 det = 1.8653279627234674e-11
10 det = 3.2024547030916824e-13
11 det = -2.850863924022481e-28
12 det = -6.1733428800323645e-31
13 det = 5.4955845246831166e-46
14 det = -1.881619626225603e-47
15 det = 0.0
16 det = 5.761104568835349e-62
17 det = 1.2036106958902268e-76
18 det = -1.7754548464893433e-91
19 det = 8.452617231347268e-94
20 det = -6.958949994420824e-109
21 det = -2.107971308818605e-112
22 det = 4.064584776580702e-126
23 det = -2.0573092944757105e-140
24 det = 3.8548678839316966e-144
25 det = -2.2832752699779766e-158
26 det = 6.959983940269821e-174
27 det = -2.6538113302265633e-187
28 det = -5.076367740862372e-189
29 det = -7.202560259158573e-204
30 det = 9.300515920444704e-206
31 det = -2.3328488340063505e-220
32 det = -6.958489364104288e-224
33 det = 6.630818543542403e-238
34 det = 8.835094947181878e-242
35 det = -7.735829960741404e-255
36 det = 1.4388359938688334e-269
37 det = 3.1651947325160285e-284
38 det = 7.085458998847759e-298
39 det = 1.31779936667e-312
40 det = 8.046602e-317
41 det = 0.0
42 det = 0.0
43 det = -0.0
44 det = 0.0
45 det = 0.0
46 det = -0.0
47 det = -0.0
48 det = 0.0
49 det = -0.0
50 det = -0.0
51 det = -0.0
52 det = -0.0
53 det = 0.0
54 det = 0.0
[[1, 2, 4, 3, 2, 1], [1, 2, 4, 3, 1, 2], [1, 2, 4, 2, 3, 1], [1, 2, 4, 1, 2, 3], [1, 2, 3, 2, 4, 1], [1, 2, 3, 1, 2, 4], [1, 2, 2, 4, 3, 1], [1, 2, 1, 2, 4, 3], [1, 4, 2, 3, 2, 1], [1, 4, 2, 3, 1, 2], [1, 4, 2, 2, 3, 1], [1, 4, 2, 1, 2, 3], [1, 4, 3, 2, 2, 1], [1, 4, 3, 2, 1, 2], [1, 4, 1, 2, 3, 2], [1, 4, 1, 2, 2, 3], [1, 3, 2, 4, 2, 1], [1, 3, 2, 4, 1, 2], [1, 3, 2, 2, 4, 1], [1, 3, 2, 1, 2, 4], [1, 3, 1, 2, 4, 2], [1, 3, 1, 2, 2, 4], [1, 1, 2, 4, 3, 2], [1, 1, 2, 4, 2, 3], [1, 1, 2, 3, 2, 4], [1, 1, 2, 2, 4, 3], [2, 1, 4, 3, 2, 1], [2, 1, 4, 3, 1, 2], [2, 1, 4, 2, 3, 1], [2, 1, 4, 1, 2, 3], [2, 1, 3, 2, 4, 1], [2, 1, 3, 1, 2, 4], [2, 1, 2, 4, 3, 1], [2, 1, 1, 2, 4, 3], [2, 4, 3, 2, 1, 1], [2, 4, 2, 1, 3, 1], [2, 3, 2, 1, 4, 1], [2, 2, 1, 4, 3, 1], [4, 2, 1, 3, 2, 1]]
