1 det = 3.2761
2 det = 0.7407262099999993
3 det = 0.2814759597999996
4 det = 0.011416119599999767
5 det = 0.004298973865831715
6 det = 0.00017431067412925448
7 det = 1.1621420092725722e-05
8 det = 8.841385162452171e-08
9 det = 5.777049478998189e-09
10 det = 2.3252338492235498e-10
11 det = 6.230087952334498e-25
12 det = 4.731693601650536e-27
13 det = 8.451871715077018e-42
14 det = 3.399556709196942e-43
15 det = -3.793131654375731e-58
16 det = 1.9198408697139507e-72
17 det = -7.2453222021238165e-87
18 det = 0.0
19 det = -3.2831069061804497e-90
20 det = -1.1439729525990734e-103
21 det = 1.4880390561583778e-105
22 det = 4.473427367835743e-120
23 det = 3.538189776717657e-135
24 det = 4.621721575538554e-138
25 det = 0.0
26 det = 1.2310300075774114e-152
27 det = 1.649512901249558e-167
28 det = -2.9800208656406013e-168
29 det = 1.4631737908958133e-182
30 det = -7.244045097398293e-185
31 det = -5.4646521400812e-199
32 det = 1.6552302080643783e-202
33 det = 0.0
34 det = 3.6832077906050253e-205
35 det = -3.571749695318428e-219
36 det = 4.724013881917442e-234
37 det = -5.28437262574752e-247
38 det = -7.761510908377236e-261
39 det = -1.3111735955889625e-274
40 det = -9.218710151653904e-278
41 det = -5.475414550151037e-292
42 det = 4.5433496973366345e-306
43 det = -1.206e-321
44 det = 0.0
45 det = -0.0
46 det = -0.0
47 det = 0.0
48 det = 0.0
49 det = -0.0
50 det = 0.0
51 det = -0.0
52 det = 0.0
53 det = 0.0
54 det = 0.0
[[1, 2, 4, 3, 2, 1], [1, 2, 4, 3, 1, 2], [1, 2, 4, 2, 3, 1], [1, 2, 4, 1, 2, 3], [1, 2, 3, 2, 4, 1], [1, 2, 3, 1, 2, 4], [1, 2, 2, 4, 3, 1], [1, 2, 1, 2, 4, 3], [1, 4, 2, 3, 2, 1], [1, 4, 2, 3, 1, 2], [1, 4, 2, 2, 3, 1], [1, 4, 2, 1, 2, 3], [1, 4, 3, 2, 2, 1], [1, 4, 3, 2, 1, 2], [1, 4, 3, 1, 2, 2], [1, 4, 1, 2, 3, 2], [1, 4, 1, 2, 2, 3], [1, 3, 2, 4, 1, 2], [1, 3, 2, 2, 4, 1], [1, 3, 2, 1, 2, 4], [1, 3, 1, 2, 4, 2], [1, 3, 1, 2, 2, 4], [1, 1, 2, 4, 3, 2], [1, 1, 2, 3, 2, 4], [1, 1, 2, 2, 4, 3], [2, 1, 4, 3, 2, 1], [2, 1, 4, 3, 1, 2], [2, 1, 4, 2, 3, 1], [2, 1, 4, 1, 2, 3], [2, 1, 3, 2, 4, 1], [2, 1, 2, 4, 3, 1], [2, 1, 1, 2, 4, 3], [2, 4, 3, 2, 1, 1], [2, 4, 2, 1, 3, 1], [2, 3, 2, 1, 4, 1], [2, 2, 1, 4, 3, 1], [4, 2, 1, 3, 2, 1], [4, 2, 1, 3, 1, 2], [4, 2, 1, 2, 3, 1], [4, 2, 1, 1, 2, 3]]
