<<<<<<< HEAD
q = 1.1 	 n = 4
=======
1 det = 3.3359060173485413
2 det = 0.6794393650524808
3 det = 0.2358384572909442
4 det = 0.007887984838406768
5 det = 0.00271736062094872
6 det = 9.086890794948506e-05
7 det = 5.082904575551222e-06
8 det = 2.91797540752631e-08
9 det = 1.6053006427265045e-09
10 det = 5.334643517897214e-11
11 det = 4.759652136885049e-26
12 det = 2.7288595363923876e-28
13 det = 0.0
14 det = 9.082623429965468e-30
15 det = -3.241463304673175e-44
16 det = -2.8789977554594796e-59
17 det = -9.247272096541868e-73
18 det = 1.2692014798175839e-87
19 det = -1.197086105000051e-90
20 det = 0.0
21 det = 8.706757335572297e-93
22 det = 0.0
23 det = -1.3033562067734071e-107
24 det = -8.331469734395201e-111
25 det = 0.0
26 det = 4.037168843366323e-126
27 det = 0.0
28 det = 1.1184007436888674e-126
29 det = -1.3047487089724359e-141
30 det = -1.618404577430974e-145
31 det = 1.3081899663074389e-157
32 det = 2.483556791820211e-159
33 det = 2.0353989604402007e-173
34 det = 1.3902228682753777e-177
35 det = 2.1455523434777377e-192
36 det = 6.1254127556766e-206
37 det = 3.737255930090441e-220
38 det = 9.748224981565794e-235
39 det = -3.3341771496050088e-248
40 det = 7.36341631544689e-252
41 det = 9.110082462109951e-266
42 det = -5.058150675463816e-280
43 det = -3.434848870961316e-294
44 det = -2.0096767977134346e-307
45 det = -0.0
46 det = 1.5e-323
47 det = 0.0
48 det = -0.0
49 det = -0.0
50 det = -0.0
51 det = -0.0
52 det = 0.0
53 det = -0.0
54 det = -0.0
[[1, 2, 4, 3, 2, 1], [1, 2, 4, 3, 1, 2], [1, 2, 4, 2, 3, 1], [1, 2, 4, 1, 2, 3], [1, 2, 3, 2, 4, 1], [1, 2, 3, 1, 2, 4], [1, 2, 2, 4, 3, 1], [1, 2, 1, 2, 4, 3], [1, 4, 2, 3, 2, 1], [1, 4, 2, 3, 1, 2], [1, 4, 2, 2, 3, 1], [1, 4, 2, 1, 2, 3], [1, 4, 3, 2, 1, 2], [1, 4, 3, 1, 2, 2], [1, 4, 1, 2, 3, 2], [1, 4, 1, 2, 2, 3], [1, 3, 2, 4, 2, 1], [1, 3, 2, 4, 1, 2], [1, 3, 2, 1, 2, 4], [1, 3, 1, 2, 2, 4], [1, 1, 2, 4, 3, 2], [1, 1, 2, 3, 2, 4], [2, 1, 4, 3, 2, 1], [2, 1, 4, 3, 1, 2], [2, 1, 4, 2, 3, 1], [2, 1, 4, 1, 2, 3], [2, 1, 3, 2, 4, 1], [2, 1, 3, 1, 2, 4], [2, 1, 2, 4, 3, 1], [2, 1, 1, 2, 4, 3], [2, 4, 3, 2, 1, 1], [2, 4, 2, 1, 3, 1], [2, 3, 2, 1, 4, 1], [2, 2, 1, 4, 3, 1], [4, 2, 1, 3, 2, 1], [4, 2, 1, 3, 1, 2], [4, 2, 1, 2, 3, 1], [4, 2, 1, 1, 2, 3], [4, 2, 3, 2, 1, 1], [4, 3, 2, 1, 2, 1]]
>>>>>>> 3f353f97cb8e5c8cad2f56d3b14c11be193291ee
