1 det = 4.649211503355227
2 det = -0.6127830127755195
3 det = 0.19143712573932906
4 det = 0.004390671001627594
5 det = -0.0013633052316852467
6 det = -3.1262360925893834e-05
7 det = -1.6635382083247996e-06
8 det = 5.870492098862226e-09
9 det = 3.088467698643651e-10
10 det = 7.032397226318759e-12
11 det = 0.0
12 det = -2.484026474643291e-14
13 det = -1.7696567165300495e-28
14 det = -2.725929424038479e-43
15 det = -1.0756167635818065e-44
16 det = -6.859034414615321e-60
17 det = 8.433924931590877e-74
18 det = 0.0
19 det = -1.304728960313312e-76
20 det = -7.771392328445927e-91
21 det = -3.108084456794547e-93
22 det = 0.0
23 det = -1.9098230811685972e-107
24 det = 5.059510712033624e-111
25 det = 0.0
26 det = -2.450172251875339e-125
27 det = 2.112325403280503e-140
28 det = -1.228817896123248e-140
29 det = 3.6614477157111906e-155
30 det = 6.004541536681285e-157
31 det = -2.906891738196509e-172
32 det = 2.7001295842620787e-173
33 det = 0.0
34 det = 1.9969535182423584e-178
35 det = -5.699572621355315e-192
36 det = 9.858333985379945e-208
37 det = -1.05565053459169e-220
38 det = -1.4076764483367295e-234
39 det = 2.2413455753092638e-248
40 det = 9.027849136682402e-251
41 det = -3.203093219788235e-265
42 det = -1.8005367289186747e-279
43 det = 1.4392133103765683e-292
44 det = 3.484220765903605e-308
45 det = -2.63e-321
46 det = -0.0
47 det = 0.0
48 det = 0.0
49 det = -0.0
50 det = -0.0
51 det = -0.0
52 det = 0.0
53 det = 0.0
54 det = -0.0
[[1, 2, 4, 3, 2, 1], [1, 2, 4, 3, 1, 2], [1, 2, 4, 2, 3, 1], [1, 2, 4, 1, 2, 3], [1, 2, 3, 2, 4, 1], [1, 2, 3, 1, 2, 4], [1, 2, 2, 4, 3, 1], [1, 2, 1, 2, 4, 3], [1, 4, 2, 3, 2, 1], [1, 4, 2, 3, 1, 2], [1, 4, 2, 1, 2, 3], [1, 4, 3, 2, 2, 1], [1, 4, 3, 2, 1, 2], [1, 4, 3, 1, 2, 2], [1, 4, 1, 2, 3, 2], [1, 4, 1, 2, 2, 3], [1, 3, 2, 4, 1, 2], [1, 3, 2, 2, 4, 1], [1, 3, 2, 1, 2, 4], [1, 3, 1, 2, 2, 4], [1, 1, 2, 4, 3, 2], [1, 1, 2, 3, 2, 4], [1, 1, 2, 2, 4, 3], [2, 1, 4, 3, 2, 1], [2, 1, 4, 3, 1, 2], [2, 1, 4, 2, 3, 1], [2, 1, 4, 1, 2, 3], [2, 1, 3, 2, 4, 1], [2, 1, 2, 4, 3, 1], [2, 1, 1, 2, 4, 3], [2, 4, 3, 2, 1, 1], [2, 4, 2, 1, 3, 1], [2, 3, 2, 1, 4, 1], [2, 2, 1, 4, 3, 1], [4, 2, 1, 3, 2, 1], [4, 2, 1, 3, 1, 2], [4, 2, 1, 2, 3, 1], [4, 2, 1, 1, 2, 3], [4, 2, 3, 2, 1, 1], [4, 2, 2, 1, 3, 1]]
