1 det = 4.420506250000001
2 det = -0.406658946835939
3 det = 0.0833650841013675
4 det = 0.0008377939839842306
5 det = -0.00017129666047325007
6 det = -1.7214270640884417e-06
7 det = -3.8216242459826097e-08
8 det = 3.912831844799802e-11
9 det = 8.643207106971632e-13
10 det = 8.660756884941089e-15
11 det = 0.0
12 det = -8.869837194176447e-18
13 det = 0.0
14 det = -8.885682474496018e-20
15 det = 2.3704400223835103e-34
16 det = -2.8071648974340523e-48
17 det = -4.99246290601495e-63
18 det = 6.178431095107288e-78
19 det = 3.6446431104712377e-81
20 det = 4.836630852770115e-95
21 det = 6.420934677845198e-99
22 det = 0.0
23 det = 2.6057934896378943e-112
24 det = 2.8600223920569454e-117
25 det = 3.034279872158827e-131
26 det = 1.1274716176478255e-145
27 det = 4.461257055654003e-161
28 det = 2.2142173751253242e-173
29 det = 3.82324511631157e-176
30 det = -2.471396954741122e-179
31 det = -7.944580387163249e-194
32 det = -1.3621981783857664e-197
33 det = -1.7907417660147524e-211
34 det = 9.324059366715209e-216
35 det = -2.223669360638064e-230
36 det = 0.0
37 det = 0.0
38 det = -1.87135467985846e-241
39 det = -1.5391383018639096e-255
40 det = -1.0934929272966492e-260
41 det = 0.0
42 det = 0.0
43 det = -9.835586661889981e-274
44 det = -9.905041242912596e-291
45 det = 2.910507447358801e-304
46 det = 1.4050787e-317
47 det = 0.0
48 det = 0.0
49 det = 0.0
50 det = -0.0
51 det = -0.0
52 det = 0.0
53 det = 0.0
54 det = -0.0
[[1, 2, 4, 3, 2, 1], [1, 2, 4, 3, 1, 2], [1, 2, 4, 2, 3, 1], [1, 2, 4, 1, 2, 3], [1, 2, 3, 2, 4, 1], [1, 2, 3, 1, 2, 4], [1, 2, 2, 4, 3, 1], [1, 2, 1, 2, 4, 3], [1, 4, 2, 3, 2, 1], [1, 4, 2, 3, 1, 2], [1, 4, 2, 1, 2, 3], [1, 4, 3, 2, 1, 2], [1, 4, 3, 1, 2, 2], [1, 4, 1, 2, 3, 2], [1, 4, 1, 2, 2, 3], [1, 3, 2, 4, 2, 1], [1, 3, 2, 4, 1, 2], [1, 3, 2, 2, 4, 1], [1, 3, 2, 1, 2, 4], [1, 3, 1, 2, 2, 4], [1, 1, 2, 4, 3, 2], [1, 1, 2, 4, 2, 3], [1, 1, 2, 3, 2, 4], [1, 1, 2, 2, 4, 3], [2, 1, 4, 3, 2, 1], [2, 1, 4, 3, 1, 2], [2, 1, 4, 2, 3, 1], [2, 1, 4, 1, 2, 3], [2, 1, 3, 2, 4, 1], [2, 1, 3, 1, 2, 4], [2, 1, 2, 4, 3, 1], [2, 1, 1, 2, 4, 3], [2, 3, 2, 1, 4, 1], [2, 2, 1, 4, 3, 1], [4, 2, 1, 3, 2, 1], [4, 2, 1, 1, 2, 3], [4, 2, 3, 2, 1, 1], [4, 2, 2, 1, 3, 1], [4, 3, 2, 1, 2, 1]]
